0.00658774300627962,0.00658407533963693,0.00657512765054729,0.00656089993895659,0.00654139220487424,0.00651660444831449,0.00648653666927853,0.0064511888677517,0.0064105610437471,0.00636465319726435,0.00631346532829074,0.00625699743688003,0.00619524952295211,0.00612822158656749,0.00605591362771383,0.00597832564637539,0.00589545764258485,0.00580730961632104,0.00571388156760796,0.00561517349642296,0.00551118540275973,0.00540191728666805,0.00528736914813331,0.00516754098712898,0.00504243280369182,0.00491204459782775,0.00477637636948845,0.00463542811872035,0.00448919984553794,0.00433769154993333
0.0427144281253492,0.0427107035446492,0.0427016170079301,0.0426871685171125,0.0426673580752064,0.0426421856863647,0.0426116513558315,0.0425757550900048,0.0425344968963906,0.042487876783601,0.0424358947613764,0.042378550840584,0.0423158450331962,0.0422477773523077,0.0421743478121455,0.0420955564280182,0.042011403216365,0.041921888194745,0.041827011381818,0.0417267727973714,0.0416211724622884,0.0415102103985543,0.0413938866292863,0.0412722011786915,0.0411451540720681,0.0410127453358452,0.0408749749975368,0.0407318430857545,0.0405833496302202,0.0404294946617423
0.0780671110493309,0.0780630945321298,0.078053295797463,0.078037714883033,0.0780163518487698,0.0779892067768609,0.0779562797716745,0.0779175709597909,0.0778730804899398,0.0778228085329962,0.0777667552819241,0.0777049209517441,0.077637305779504,0.0775639100242134,0.0774847339667965,0.0773997779100261,0.0773090421784793,0.0772125271184701,0.0771102330979696,0.0770021605065235,0.0768883097551976,0.076768681276463,0.0766432755241568,0.0765120929733396,0.0763751341202328,0.0762323994821003,0.07608388959716,0.0759296050244634,0.0757695463438035,0.0756037141555688
0.111996140608691,0.111991425467482,0.111979922436241,0.111961631743501,0.111936553752577,0.111904688961353,0.111866038002126,0.111820601641314,0.111768380779133,0.111709376449222,0.111643589818228,0.111571022185288,0.11149167498151,0.111405549769368,0.11131264824204,0.111212972222723,0.111106523663865,0.110993304646363,0.11087331737869,0.110746564196011,0.110613047559188,0.110472770053795,0.110325734389068,0.110171943396765,0.110011400030057,0.109844107362299,0.109670068585819,0.109489287010601,0.109301766062976,0.109107509284273
0.143895955278452,0.14389000348251,0.143875483722068,0.143852396804171,0.143820744011448,0.143780527101192,0.143731748304177,0.143674410323075,0.143608516330567,0.143534069967187,0.14345107533874,0.143359537013508,0.143259460019059,0.143150849838818,0.143033712408276,0.142908054110932,0.142773881773939,0.142631202663455,0.142480024479707,0.142320355351829,0.142152203832336,0.141975578891447,0.141790489911094,0.141596946678671,0.141394959380616,0.1411845385957,0.14096569528812,0.140738440800394,0.140502786846036,0.140258745502048
0.173203471089806,0.17319566154994,0.173176610117577,0.173146318868001,0.173104791098661,0.17305203132577,0.172988045279746,0.172912839899345,0.172826423324603,0.172728804888585,0.172619995107928,0.172500005672247,0.172368849432342,0.172226540387332,0.172073093670667,0.171908525535061,0.1717328533364,0.171546095516664,0.171348271585804,0.171139402102742,0.170919508655438,0.170688613840087,0.170446741239486,0.170193915400646,0.169930161811588,0.169655506877487,0.169369977896128,0.169073603032751,0.168766411294297,0.168448432503147
0.19940324674061,0.199392923016017,0.199367738836424,0.19932769851523,0.199272808904209,0.199203079384115,0.199118521851751,0.19901915070362,0.198904982816216,0.19877603752293,0.19863233658776,0.198473904175705,0.198300766820133,0.198112953387098,0.197910495036599,0.197693425181181,0.197461779441592,0.197215595599959,0.196954913550398,0.196679775247197,0.196390224650804,0.196086307671623,0.195768072111848,0.195435567605402,0.195088845556182,0.194727959074664,0.194352962913129,0.193963913399538,0.193560868370297,0.193143887101874
0.222027942817196,0.222014452555623,0.221981544588593,0.221929226588979,0.221857510741762,0.221766413722524,0.221655956668207,0.221526165140089,0.221377069079142,0.221208702753884,0.221021104700971,0.220814317658622,0.220588388493215,0.220343368119143,0.220079311412325,0.219796277117564,0.21949432775004,0.219173529491305,0.218833952079988,0.218475668697662,0.218098755850101,0.217703293244333,0.217289363661808,0.216857052828045,0.216406449279118,0.215937644225323,0.215450731412373,0.214945806980505,0.214422969321837,0.213882318936212
0.240653640373359,0.240636360797834,0.240594210129874,0.240527200458902,0.240435350977802,0.240318687941544,0.240177244610567,0.240011061179166,0.239820184689397,0.239604668930553,0.239364574324721,0.239099967798884,0.238810922644003,0.238497518361601,0.238159840498472,0.237797980470031,0.237412035373018,0.237002107788193,0.236568305573671,0.23611074164966,0.235629533775291,0.235124804318251,0.234596680018,0.234045291743271,0.233470774244611,0.232873265902655,0.232252908472936,0.2316098468278,0.230944228696272,0.23025620440239
0.254890000732038,0.254868346759553,0.25481552630426,0.254731556598031,0.254616464989041,0.254470288870963,0.254293075586038,0.254084882302817,0.253845775869027,0.253575832639963,0.253275138283591,0.252943787562723,0.252581884095526,0.25218954009513,0.251766876089584,0.251314020623107,0.250831109939964,0.250318287652083,0.249775704391731,0.249203517450531,0.248601890406084,0.24797099273755,0.247310999431484,0.246622090579202,0.245904450967006,0.245158269660475,0.244383739584122,0.243581057097505,0.242750421569009,0.241892034948394
0.264365187384992,0.264338600632355,0.264273748194776,0.264170652554888,0.264029349381191,0.263849887417567,0.263632328332529,0.26337674652901,0.263083228915423,0.262751874639188,0.262382794783852,0.261976112031214,0.261531960289898,0.261050484292115,0.260531839160213,0.259976189944894,0.259383711137049,0.258754586155055,0.258089006809661,0.257387172748402,0.256649290881616,0.255875574792101,0.255066244130438,0.254221523997883,0.253341644318851,0.252426839204828,0.251477346311385,0.250493406190184,0.249475261637429,0.248423157040261
0.268705009025137,0.268672926273621,0.268594667494386,0.268470259606461,0.268299745295868,0.268083182855292,0.267820645965096,0.267512223417083,0.267158018782136,0.266758150023249,0.266312749055808,0.26582196125706,0.26528594492688,0.264704870702295,0.264078920928098,0.263408288986246,0.262693178586668,0.261933803022224,0.261130384390611,0.260283152786019,0.259392345463188,0.258458205976772,0.257480983298466,0.256460930914599,0.25539830590651,0.254293368016118,0.253146378698695,0.251957600164869,0.250727294413635,0.249455722257798
0.267504719607738,0.267466517495318,0.267373330771434,0.26722518867741,0.267022137546046,0.266764240578694,0.266451577540791,0.266084244377524,0.265662352751097,0.265186029501622,0.264655416033904,0.264070667632515,0.263431952708002,0.262739451977034,0.26199335757959,0.261193872136309,0.260341207749237,0.259435584949199,0.258477231593048,0.25746638171391,0.25640327432753,0.255288152197581,0.25412126056269,0.252902845827666,0.251633154221085,0.250312430421266,0.248940916152016,0.247518848749472,0.246046459700683,0.244523973154179
0.260289927651036,0.260244835133339,0.260134837820475,0.259959963267949,0.259720255067095,0.259415772538847,0.259046590315343,0.258612797810895,0.258114498583972,0.257551809592306,0.256924860343431,0.256233791943161,0.255478756044754,0.254659913701573,0.253777434126131,0.252831493358417,0.251822272846248,0.250749957940407,0.249614736306964,0.248416796258962,0.247156325009263,0.24583350684598,0.244448521231235,0.243001540823561,0.2414927294234,0.239922239840503,0.238290211681022,0.236596769051141,0.234842018173,0.233026044907408
0.24645913844491,0.24640609670974,0.246276702909869,0.246070975859197,0.245788945156218,0.245430650750722,0.244996142350572,0.244485478669494,0.243898726516958,0.243235959731136,0.24249725795626,0.241682705265347,0.240792388629415,0.239826396233926,0.238784815642862,0.237667731810585,0.236475224940704,0.235207368190881,0.233864225221289,0.232445847583562,0.230952271945795,0.229383517147805,0.227739581079068,0.226020437369961,0.224226031884708,0.222356279001949,0.220411057665887,0.218390207187909,0.216293522774594,0.214120750753833
0.225192016524704,0.225129438601623,0.224976771689129,0.224734013198852,0.224401158526709,0.223978200384632,0.223465127882717,0.222861925360179,0.222168570962992,0.221385034965258,0.220511277830647,0.219547248009045,0.218492879462461,0.217348088912717,0.216112772801654,0.214786803952653,0.213370027919619,0.211862259006933,0.210263275940463,0.208572817165701,0.206790575744714,0.204916193818172,0.202949256592481,0.200889285804847,0.198735732610538,0.196487969826593,0.194145283454525,0.191706863390578,0.189171793215568,0.186539038936784
0.195287182757911,0.195212494240349,0.195030263884765,0.194740443085534,0.194342953682959,0.193837686765769,0.193224501018327,0.192503220602236,0.191673632558421,0.190735483712218,0.189688477059559,0.188532267607862,0.187266457639405,0.185890591358511,0.184404148876754,0.182806539481092,0.181097094119934,0.179275057029701,0.177339576410197,0.175289694039752,0.173124333700852,0.170842288262245,0.168442205234082,0.165922570576871,0.163281690501715,0.160517670946176,0.157628394345022,0.15461149323452,0.151464320128832,0.14818391298151
0.154837110685698,0.1547457383563,0.154522765917377,0.154168043882474,0.153681332627197,0.153062299730989,0.152310516284807,0.151425452118056,0.15040646988342,0.149252817921262,0.147963621805891,0.14653787445387,0.144974424648018,0.143271963800009,0.141429010736919,0.139443894252387,0.137314733108401,0.135039413107211,0.132615560770234,0.13004051305928,0.127311282447506,0.124424516487328,0.121376450818645,0.118162854300489,0.114778964613068,0.111219412239766,0.107478130163417,0.103548245846616,0.0994219510384131,0.0950903435514471
0.100457694297357,0.100340352621423,0.100053924957301,0.0995980092840028,0.0989719606429566,0.0981748832084285,0.0972056191679893,0.0960627341678897,0.0947444989942421,0.0932488670623619,0.0915734471680369,0.0897154708107405,0.087671753220424,0.0854386469960065,0.0830119869790184,0.0803870246222898,0.0775583496388565,0.0745197960950389,0.0712643292857278,0.0677839086195023,0.0640693202293764,0.0601099709387261,0.0558936322878946,0.0514061191633233,0.0466308815361306,0.0415484788916222,0.0361358934460022,0.0303656173532631,0.0242044158392546,0.0176116135181574
0.0249179090030047,0.0247505403885436,0.0243417231647611,0.0236901861656078,0.0227938803048562,0.0216499393713304,0.0202546239664274,0.0186032462072683,0.0166900718612089,0.0145081953456383,0.0120493813917958,0.00930386494909282,0.00626009782075309,0.00290442614905661,0,0,0,0,0,0,0,0,0,0,0,0,0,0,0,0
0,0,0,0,0,0,0,0,0,0,0,0,0,0,0,0,0,0,0,0,0,0,0,0,0,0,0,0,0,0
0,0,0,0,0,0,0,0,0,0,0,0,0,0,0,0,0,0,0,0,0,0,0,0,0,0,0,0,0,0
0,0,0,0,0,0,0,0,0,0,0,0,0,0,0,0,0,0,0,0,0,0,0,0,0,0,0,0,0,0
0,0,0,0,0,0,0,0,0,0,0,0,0,0,0,0,0,0,0,0,0,0,0,0,0,0,0,0,0,0
0,0,0,0,0,0,0,0,0,0,0,0,0,0,0,0,0,0,0,0,0,0,0,0,0,0,0,0,0,0
0,0,0,0,0,0,0,0,0,0,0,0,0,0,0,0,0,0,0,0,0,0,0,0,0,0,0,0,0,0
0,0,0,0,0,0,0,0,0,0,0,0,0,0,0,0,0,0,0,0,0,0,0,0,0,0,0,0,0,0
0,0,0,0,0,0,0,0,0,0,0,0,0,0,0,0,0,0,0,0,0,0,0,0,0,0,0,0,0,0
0,0,0,0,0,0,0,0,0,0,0,0,0,0,0,0,0,0,0,0,0,0,0,0,0,0,0,0,0,0
0,0,0,0,0,0,0,0,0,0,0,0,0,0,0,0,0,0,0,0,0,0,0,0,0,0,0,0,0,0
