   1.0000000000000000E-002
   4.8205128205128206E-002
   8.6410256410256403E-002
  0.12461538461538460     
  0.16282051282051282     
  0.20102564102564105     
  0.23923076923076922     
  0.27743589743589742     
  0.31564102564102564     
  0.35384615384615387     
  0.39205128205128209     
  0.43025641025641026     
  0.46846153846153843     
  0.50666666666666671     
  0.54487179487179482     
  0.58307692307692316     
  0.62128205128205127     
  0.65948717948717950     
  0.69769230769230772     
  0.73589743589743584     
  0.77410256410256417     
  0.81230769230769229     
  0.85051282051282051     
  0.88871794871794885     
  0.92692307692307685     
  0.96512820512820519     
   1.0033333333333334     
   1.0415384615384615     
   1.0797435897435896     
   1.1179487179487180     
   1.1561538461538463     
   1.1943589743589742     
   1.2325641025641025     
   1.2707692307692309     
   1.3089743589743590     
   1.3471794871794871     
   1.3853846153846154     
   1.4235897435897438     
   1.4617948717948717     
   1.5000000000000000     
