   281.85262106285262     
   253.58408664583035     
   228.22475257955699     
   205.40226703933916     
   184.86204022115794     
   166.37583619777274     
   149.73825257798137     
   134.76442732018310     
   121.28798458816479     
   109.15918612934831     
   98.243267516413468     
   88.418940764772145     
   79.577046688294928     
   71.619342019465435     
   64.457407817518899     
   58.011667035767012     
   52.210500332190314     
   46.989450298971292     
   42.290505269074153     
   38.061454742166745     
   34.255309267950068     
   30.829778341155070     
   27.746800507039559     
   24.972120456335610     
   22.474908410702049     
   20.227417569631847     
   18.204675812668658     
   16.384208231401796     
   14.745787408261615     
   13.271208667435454     
   11.944087800691911     
   10.749679020622720     
   9.6747111185604471     
   8.7072400067044047     
   7.8365160060339631     
   7.0528644054305687     
   6.3475779648875106     
   5.7128201683987596     
   5.1415381515588825     
   4.6273843364029963     
   4.1646459027626959     
   3.7481813124864276     
   3.3733631812377851     
   3.0360268631140088     
   2.7324241768026076     
   2.4591817591223482     
   2.2132635832101113     
   1.9919372248891021     
   1.7927435024001903     
   1.6134691521601729     
   1.4521222369441553     
   1.3069100132497420     
   1.1762190119247657     
   1.0585971107322900     
  0.95273739965906068     
  0.85746365969315408     
  0.77171729372383824     
  0.69454556435145487     
  0.62509100791630756     
  0.56258190712467671     
  0.50632371641220841     
  0.45569134477098766     
  0.41012221029388812     
  0.36910998926450217     
  0.33219899033804862     
  0.29897909130424627     
  0.26908118217382043     
  0.24217306395644020     
  0.21795575756079633     
  0.19616018180471581     
  0.17654416362424355     
  0.15888974726182162     
  0.14300077253563745     
  0.12870069528207392     
  0.11583062575386734     
  0.10424756317848211     
   9.3822806860632699E-002
   8.4440526174572025E-002
   7.5996473557114710E-002
   6.8396826201404484E-002
   6.1557143581262505E-002
   5.5401429223137531E-002
   4.9861286300821740E-002
   4.4875157670741482E-002
   4.0387641903665047E-002
   3.6348877713300386E-002
   3.2713989941970584E-002
   2.9442590947774266E-002
   2.6498331852996219E-002
   2.3848498667696824E-002
   2.1463648800926802E-002
   1.9317283920834424E-002
   1.7385555528750794E-002
   1.5646999975875864E-002
   1.4082299978289031E-002
   1.2674069980462015E-002
   1.1406662982413988E-002
   1.0265996684173861E-002
   9.2393970157565227E-003
   8.3154573141805393E-003
   7.4839115827609456E-003
   6.7355204244845812E-003
   6.0619683820364043E-003
   5.4557715438351018E-003
   4.9101943894506580E-003
   4.4191749505064735E-003
   3.9772574554546043E-003
   3.5795317099090213E-003
   3.2215785389167143E-003
   2.8994206850248326E-003
   2.6094786165212118E-003
   2.3485307548695537E-003
   2.1136776793819036E-003
   1.9023099114445943E-003
   1.7120789202987867E-003
   1.5408710282688027E-003
   1.3867839254414170E-003
   1.2481055328982370E-003
   1.1232949796060191E-003
   1.0109654816466880E-003
   9.0986893348016554E-004
   8.1888204013398158E-004
   7.3699383612078006E-004
   6.6329445250929190E-004
   5.9696500725793435E-004
   5.3726850653272021E-004
   4.8354165587935689E-004
   4.3518749029170558E-004
   3.9166874126274570E-004
   3.5250186713653436E-004
   3.1725168042080249E-004
   2.8552651237924887E-004
   2.5697386114076928E-004
   2.3127647502683979E-004
   2.0814882752301126E-004
   1.8733394477206882E-004
   1.6860055029427212E-004
   1.5174049526362314E-004
   1.3656644573676932E-004
   1.2290980116417020E-004
   1.1061882104741613E-004
   9.9556938944661680E-005
