   31.661629568997494     
   23.082181369973874     
   18.467398734764043     
   14.603953725732952     
   10.841823101604014     
   7.3704125856243881     
   4.6534592743067584     
   3.1624298184107249     
   2.7992330170171518     
   2.7118631899612962     
   2.4120366530440016     
   1.8960024031991627     
   1.3146317016320952     
  0.83109219288453640     
  0.57177873552142200     
  0.51793248589645036     
  0.50235036184769155     
  0.44189059412170617     
  0.34212541507896488     
  0.23352434727028787     
  0.14693656932140725     
  0.10444074087734015     
   9.7152396773539873E-002
   9.3491912111760583E-002
   8.0876075933383626E-002
   6.1523228852847646E-002
   4.1336793692553664E-002
   2.6003686474970582E-002
   1.9199013295092528E-002
   1.8235491503469755E-002
   1.7363150766380567E-002
   1.4764179148947202E-002
   1.1035351698299447E-002
   7.3048812131519657E-003
   4.6155756778155496E-003
   3.5489941872082847E-003
   3.4214624683683954E-003
   3.2174365275932158E-003
   2.6886995623645331E-003
   1.9747733365435482E-003
   1.2892980192598285E-003
   8.2250147460041420E-004
   6.5919497395053447E-004
   6.4139956786043214E-004
   5.9483841725592652E-004
   4.8845720700890760E-004
   3.5258041817554022E-004
   2.2736836095454925E-004
   1.4728384498590341E-004
   1.2291782284519652E-004
   1.2008860926082750E-004
   1.0971770049567958E-004
   8.8524439079697414E-005
