   1.0000000000000000E-002
   4.0408163265306121E-002
   7.0816326530612247E-002
  0.10122448979591836     
  0.13163265306122449     
  0.16204081632653061     
  0.19244897959183674     
  0.22285714285714286     
  0.25326530612244896     
  0.28367346938775512     
  0.31408163265306122     
  0.34448979591836737     
  0.37489795918367347     
  0.40530612244897962     
  0.43571428571428572     
  0.46612244897959187     
  0.49653061224489797     
  0.52693877551020407     
  0.55734693877551023     
  0.58775510204081627     
  0.61816326530612242     
  0.64857142857142858     
  0.67897959183673473     
  0.70938775510204088     
  0.73979591836734693     
  0.77020408163265308     
  0.80061224489795924     
  0.83102040816326528     
  0.86142857142857143     
  0.89183673469387759     
  0.92224489795918374     
  0.95265306122448978     
  0.98306122448979594     
   1.0134693877551020     
   1.0438775510204081     
   1.0742857142857143     
   1.1046938775510204     
   1.1351020408163266     
   1.1655102040816325     
   1.1959183673469387     
   1.2263265306122448     
   1.2567346938775510     
   1.2871428571428571     
   1.3175510204081631     
   1.3479591836734695     
   1.3783673469387754     
   1.4087755102040818     
   1.4391836734693877     
   1.4695918367346938     
   1.5000000000000002     
