     0.000     0.509
     0.001     0.516
     0.002     0.523
     0.003     0.529
     0.004     0.536
     0.005     0.543
     0.006     0.549
     0.007     0.556
     0.008     0.562
     0.009     0.569
     0.010     0.575
     0.010     0.582
     0.011     0.588
     0.012     0.594
     0.013     0.600
     0.014     0.606
     0.015     0.613
     0.016     0.619
     0.017     0.625
     0.018     0.631
     0.019     0.637
     0.020     0.642
     0.021     0.648
     0.022     0.654
     0.023     0.660
     0.024     0.665
     0.025     0.671
     0.026     0.677
     0.027     0.682
     0.028     0.688
     0.029     0.693
     0.029     0.699
     0.030     0.704
     0.031     0.709
     0.032     0.715
     0.033     0.720
     0.034     0.725
     0.035     0.730
     0.036     0.735
     0.037     0.740
     0.038     0.746
     0.039     0.751
     0.040     0.755
     0.041     0.760
     0.042     0.765
     0.043     0.770
     0.044     0.775
     0.045     0.780
     0.046     0.784
     0.047     0.789
     0.047     0.794
     0.048     0.798
     0.049     0.803
     0.050     0.807
     0.051     0.812
     0.052     0.816
     0.053     0.821
     0.054     0.825
     0.055     0.829
     0.056     0.833
     0.057     0.838
     0.058     0.842
     0.059     0.846
     0.060     0.850
     0.061     0.854
     0.062     0.858
     0.063     0.862
     0.064     0.866
     0.065     0.870
     0.066     0.874
     0.067     0.878
     0.067     0.882
     0.068     0.886
     0.069     0.890
     0.070     0.893
     0.071     0.897
     0.072     0.901
     0.073     0.904
     0.074     0.908
     0.075     0.912
     0.076     0.915
     0.077     0.919
     0.078     0.922
     0.079     0.925
     0.080     0.929
     0.081     0.932
     0.082     0.936
     0.083     0.939
     0.084     0.942
     0.085     0.945
     0.086     0.949
     0.086     0.952
     0.087     0.955
     0.088     0.958
     0.089     0.961
     0.090     0.964
     0.091     0.967
     0.092     0.970
     0.093     0.973
     0.094     0.976
     0.095     0.979
     0.096     0.982
     0.097     0.985
     0.098     0.988
     0.099     0.991
     0.100     0.993
     0.101     0.996
     0.102     0.999
     0.103     1.001
     0.104     1.004
     0.105     1.007
     0.105     1.009
     0.106     1.012
     0.107     1.014
     0.108     1.017
     0.109     1.019
     0.110     1.022
     0.111     1.024
     0.112     1.027
     0.113     1.029
     0.114     1.032
     0.115     1.034
     0.116     1.036
     0.117     1.039
     0.118     1.041
     0.119     1.043
     0.120     1.045
     0.121     1.047
     0.122     1.050
     0.123     1.052
     0.124     1.054
     0.124     1.056
     0.125     1.058
     0.126     1.060
     0.127     1.062
     0.128     1.064
     0.129     1.066
     0.130     1.068
     0.131     1.070
     0.132     1.072
     0.133     1.074
     0.134     1.076
     0.135     1.077
     0.136     1.079
     0.137     1.081
     0.138     1.083
     0.139     1.085
     0.140     1.086
     0.141     1.088
     0.142     1.090
     0.142     1.091
     0.143     1.093
     0.144     1.095
     0.145     1.096
     0.146     1.098
     0.147     1.099
     0.148     1.101
     0.149     1.103
     0.150     1.104
     0.151     1.106
     0.152     1.107
     0.153     1.108
     0.154     1.110
     0.155     1.111
     0.156     1.113
     0.157     1.114
     0.158     1.115
     0.159     1.117
     0.160     1.118
     0.161     1.119
     0.162     1.121
     0.162     1.122
     0.163     1.123
     0.164     1.124
     0.165     1.126
     0.166     1.127
     0.167     1.128
     0.168     1.129
     0.169     1.130
     0.170     1.131
     0.171     1.133
     0.172     1.134
     0.173     1.135
     0.174     1.136
     0.175     1.137
     0.176     1.138
     0.177     1.139
     0.178     1.140
     0.179     1.141
     0.180     1.142
     0.181     1.143
     0.181     1.144
     0.182     1.145
     0.183     1.146
     0.184     1.146
     0.185     1.147
     0.186     1.148
     0.187     1.149
     0.188     1.150
     0.189     1.151
     0.190     1.152
     0.191     1.152
     0.192     1.153
     0.193     1.154
     0.194     1.155
     0.195     1.155
     0.196     1.156
     0.197     1.157
     0.198     1.157
     0.199     1.158
     0.200     1.159
     0.200     1.159
     0.201     1.160
     0.202     1.161
     0.203     1.161
     0.204     1.162
     0.205     1.163
     0.206     1.163
     0.207     1.164
     0.208     1.164
     0.209     1.165
     0.210     1.165
     0.211     1.166
     0.212     1.166
     0.213     1.167
     0.214     1.167
     0.215     1.168
     0.216     1.168
     0.217     1.169
     0.218     1.169
     0.219     1.170
     0.219     1.170
     0.220     1.170
     0.221     1.171
     0.222     1.171
     0.223     1.172
     0.224     1.172
     0.225     1.172
     0.226     1.173
     0.227     1.173
     0.228     1.173
     0.229     1.174
     0.230     1.174
     0.231     1.174
     0.232     1.174
     0.233     1.175
     0.234     1.175
     0.235     1.175
     0.236     1.175
     0.237     1.176
     0.237     1.176
     0.238     1.176
     0.239     1.176
     0.240     1.177
     0.241     1.177
     0.242     1.177
     0.243     1.177
     0.244     1.177
     0.245     1.177
     0.246     1.178
     0.247     1.178
     0.248     1.178
     0.249     1.178
     0.250     1.178
     0.251     1.178
     0.252     1.178
     0.253     1.178
     0.254     1.179
     0.255     1.179
     0.256     1.179
     0.257     1.179
     0.257     1.179
     0.258     1.179
     0.259     1.179
     0.260     1.179
     0.261     1.179
     0.262     1.179
     0.263     1.179
     0.264     1.179
     0.265     1.179
     0.266     1.179
     0.267     1.179
     0.268     1.179
     0.269     1.179
     0.270     1.179
     0.271     1.179
     0.272     1.179
     0.273     1.179
     0.274     1.179
     0.275     1.179
     0.275     1.179
     0.276     1.178
     0.277     1.178
     0.278     1.178
     0.279     1.178
     0.280     1.178
     0.281     1.178
     0.282     1.178
     0.283     1.178
     0.284     1.178
     0.285     1.178
     0.286     1.177
     0.287     1.177
     0.288     1.177
     0.289     1.177
     0.290     1.177
     0.291     1.177
     0.292     1.177
     0.293     1.176
     0.294     1.176
     0.294     1.176
     0.295     1.176
     0.296     1.176
     0.297     1.176
     0.298     1.175
     0.299     1.175
     0.300     1.175
     0.301     1.175
     0.302     1.175
     0.303     1.174
     0.304     1.174
     0.305     1.174
     0.306     1.174
     0.307     1.173
     0.308     1.173
     0.309     1.173
     0.310     1.173
     0.311     1.172
     0.312     1.172
     0.313     1.172
     0.314     1.172
     0.314     1.171
     0.315     1.171
     0.316     1.171
     0.317     1.171
     0.318     1.170
     0.319     1.170
     0.320     1.170
     0.321     1.170
     0.322     1.169
     0.323     1.169
     0.324     1.169
     0.325     1.168
     0.326     1.168
     0.327     1.168
     0.328     1.167
     0.329     1.167
     0.330     1.167
     0.331     1.167
     0.332     1.166
     0.333     1.166
     0.333     1.166
     0.334     1.165
     0.335     1.165
     0.336     1.165
     0.337     1.164
     0.338     1.164
     0.339     1.164
     0.340     1.163
     0.341     1.163
     0.342     1.163
     0.343     1.162
     0.344     1.162
     0.345     1.162
     0.346     1.161
     0.347     1.161
     0.348     1.161
     0.349     1.160
     0.350     1.160
     0.351     1.160
     0.352     1.159
     0.352     1.159
     0.353     1.158
     0.354     1.158
     0.355     1.158
     0.356     1.157
     0.357     1.157
     0.358     1.157
     0.359     1.156
     0.360     1.156
     0.361     1.156
     0.362     1.155
     0.363     1.155
     0.364     1.154
     0.365     1.154
     0.366     1.154
     0.367     1.153
     0.368     1.153
     0.369     1.152
     0.370     1.152
     0.370     1.152
     0.371     1.151
     0.372     1.151
     0.373     1.151
     0.374     1.150
     0.375     1.150
     0.376     1.149
     0.377     1.149
     0.378     1.149
     0.379     1.148
     0.380     1.148
     0.381     1.147
     0.382     1.147
     0.383     1.147
     0.384     1.146
     0.385     1.146
     0.386     1.145
     0.387     1.145
     0.388     1.145
     0.389     1.144
     0.389     1.144
     0.390     1.143
     0.391     1.143
     0.392     1.143
     0.393     1.142
     0.394     1.142
     0.395     1.142
     0.396     1.141
     0.397     1.141
     0.398     1.140
     0.399     1.140
     0.400     1.140
     0.401     1.139
     0.402     1.139
     0.403     1.138
     0.404     1.138
     0.405     1.137
     0.406     1.137
     0.407     1.137
     0.408     1.136
     0.409     1.136
     0.409     1.135
     0.410     1.135
     0.411     1.135
     0.412     1.134
     0.413     1.134
     0.414     1.133
     0.415     1.133
     0.416     1.133
     0.417     1.132
     0.418     1.132
     0.419     1.132
     0.420     1.131
     0.421     1.131
     0.422     1.130
     0.423     1.130
     0.424     1.130
     0.425     1.129
     0.426     1.129
     0.427     1.128
     0.428     1.128
     0.428     1.128
     0.429     1.127
     0.430     1.127
     0.431     1.126
     0.432     1.126
     0.433     1.126
     0.434     1.125
     0.435     1.125
     0.436     1.124
     0.437     1.124
     0.438     1.124
     0.439     1.123
     0.440     1.123
     0.441     1.122
     0.442     1.122
     0.443     1.122
     0.444     1.121
     0.445     1.121
     0.446     1.121
     0.447     1.120
     0.447     1.120
     0.448     1.119
     0.449     1.119
     0.450     1.119
     0.451     1.118
     0.452     1.118
     0.453     1.118
     0.454     1.117
     0.455     1.117
     0.456     1.116
     0.457     1.116
     0.458     1.116
     0.459     1.115
     0.460     1.115
     0.461     1.115
     0.462     1.114
     0.463     1.114
     0.464     1.113
     0.465     1.113
     0.465     1.113
     0.466     1.112
     0.467     1.112
     0.468     1.112
     0.469     1.111
     0.470     1.111
     0.471     1.111
     0.472     1.110
     0.473     1.110
     0.474     1.110
     0.475     1.109
     0.476     1.109
     0.477     1.109
     0.478     1.108
     0.479     1.108
     0.480     1.107
     0.481     1.107
     0.482     1.107
     0.483     1.106
     0.484     1.106
     0.485     1.106
     0.485     1.105
     0.486     1.105
     0.487     1.105
     0.488     1.104
     0.489     1.104
     0.490     1.104
     0.491     1.103
     0.492     1.103
     0.493     1.103
     0.494     1.102
     0.495     1.102
     0.496     1.102
     0.497     1.102
     0.498     1.101
     0.499     1.101
     0.500     1.101
     0.501     1.100
     0.502     1.100
     0.503     1.100
     0.503     1.099
     0.504     1.099
     0.505     1.099
     0.506     1.098
     0.507     1.098
     0.508     1.098
     0.509     1.098
     0.510     1.097
     0.511     1.097
     0.512     1.097
     0.513     1.096
     0.514     1.096
     0.515     1.096
     0.516     1.096
     0.517     1.095
     0.518     1.095
     0.519     1.095
     0.520     1.094
     0.521     1.094
     0.522     1.094
     0.523     1.094
     0.523     1.093
     0.524     1.093
     0.525     1.093
     0.526     1.093
     0.527     1.092
     0.528     1.092
     0.529     1.092
     0.530     1.091
     0.531     1.091
     0.532     1.091
     0.533     1.091
     0.534     1.090
     0.535     1.090
     0.536     1.090
     0.537     1.090
     0.538     1.089
     0.539     1.089
     0.540     1.089
     0.541     1.089
     0.542     1.089
     0.542     1.088
     0.543     1.088
     0.544     1.088
     0.545     1.088
     0.546     1.087
     0.547     1.087
     0.548     1.087
     0.549     1.087
     0.550     1.086
     0.551     1.086
     0.552     1.086
     0.553     1.086
     0.554     1.086
     0.555     1.085
     0.556     1.085
     0.557     1.085
     0.558     1.085
     0.559     1.085
     0.560     1.084
     0.561     1.084
     0.561     1.084
     0.562     1.084
     0.563     1.084
     0.564     1.084
     0.565     1.083
     0.566     1.083
     0.567     1.083
     0.568     1.083
     0.569     1.083
     0.570     1.082
     0.571     1.082
     0.572     1.082
     0.573     1.082
     0.574     1.082
     0.575     1.082
     0.576     1.081
     0.577     1.081
     0.578     1.081
     0.579     1.081
     0.580     1.081
     0.580     1.081
     0.581     1.081
     0.582     1.080
     0.583     1.080
     0.584     1.080
     0.585     1.080
     0.586     1.080
     0.587     1.080
     0.588     1.080
     0.589     1.080
     0.590     1.079
     0.591     1.079
     0.592     1.079
     0.593     1.079
     0.594     1.079
     0.595     1.079
     0.596     1.079
     0.597     1.079
     0.598     1.079
     0.599     1.078
     0.599     1.078
     0.600     1.078
     0.601     1.078
     0.602     1.078
     0.603     1.078
     0.604     1.078
     0.605     1.078
     0.606     1.078
     0.607     1.078
     0.608     1.078
     0.609     1.078
     0.610     1.078
     0.611     1.078
     0.612     1.077
     0.613     1.077
     0.614     1.077
     0.615     1.077
     0.616     1.077
     0.617     1.077
     0.618     1.077
     0.618     1.077
     0.619     1.077
     0.620     1.077
     0.621     1.077
     0.622     1.077
     0.623     1.077
     0.624     1.077
     0.625     1.077
     0.626     1.077
     0.627     1.077
     0.628     1.077
     0.629     1.077
     0.630     1.077
     0.631     1.077
     0.632     1.077
     0.633     1.077
     0.634     1.077
     0.635     1.077
     0.636     1.077
     0.637     1.077
     0.637     1.077
     0.638     1.077
     0.639     1.077
     0.640     1.077
     0.641     1.077
     0.642     1.077
     0.643     1.077
     0.644     1.078
     0.645     1.078
     0.646     1.078
     0.647     1.078
     0.648     1.078
     0.649     1.078
     0.650     1.078
     0.651     1.078
     0.652     1.078
     0.653     1.078
     0.654     1.078
     0.655     1.078
     0.655     1.079
     0.656     1.079
     0.657     1.079
     0.658     1.079
     0.659     1.079
     0.660     1.079
     0.661     1.079
     0.662     1.079
     0.663     1.080
     0.664     1.080
     0.665     1.080
     0.666     1.080
     0.667     1.080
     0.668     1.080
     0.669     1.080
     0.670     1.081
     0.671     1.081
     0.672     1.081
     0.673     1.081
     0.674     1.081
     0.674     1.082
     0.675     1.082
     0.676     1.082
     0.677     1.082
     0.678     1.082
     0.679     1.083
     0.680     1.083
     0.681     1.083
     0.682     1.083
     0.683     1.083
     0.684     1.084
     0.685     1.084
     0.686     1.084
     0.687     1.084
     0.688     1.085
     0.689     1.085
     0.690     1.085
     0.691     1.086
     0.692     1.086
     0.693     1.086
     0.693     1.086
     0.694     1.087
     0.695     1.087
     0.696     1.087
     0.697     1.088
     0.698     1.088
     0.699     1.088
     0.700     1.089
     0.701     1.089
     0.702     1.089
     0.703     1.090
     0.704     1.090
     0.705     1.090
     0.706     1.091
     0.707     1.091
     0.708     1.091
     0.709     1.092
     0.710     1.092
     0.711     1.093
     0.712     1.093
     0.713     1.093
     0.713     1.094
     0.714     1.094
     0.715     1.095
     0.716     1.095
     0.717     1.096
     0.718     1.096
     0.719     1.096
     0.720     1.097
     0.721     1.097
     0.722     1.098
     0.723     1.098
     0.724     1.099
     0.725     1.099
     0.726     1.100
     0.727     1.100
     0.728     1.101
     0.729     1.101
     0.730     1.102
     0.731     1.102
     0.732     1.103
     0.732     1.103
     0.733     1.104
     0.734     1.105
     0.735     1.105
     0.736     1.106
     0.737     1.106
     0.738     1.107
     0.739     1.107
     0.740     1.108
     0.741     1.109
     0.742     1.109
     0.743     1.110
     0.744     1.111
     0.745     1.111
     0.746     1.112
     0.747     1.113
     0.748     1.113
     0.749     1.114
     0.750     1.115
     0.751     1.115
     0.751     1.116
     0.752     1.117
     0.753     1.117
     0.754     1.118
     0.755     1.119
     0.756     1.120
     0.757     1.120
     0.758     1.121
     0.759     1.122
     0.760     1.123
     0.761     1.123
     0.762     1.124
     0.763     1.125
     0.764     1.126
     0.765     1.127
     0.766     1.128
     0.767     1.128
     0.768     1.129
     0.769     1.130
     0.770     1.131
     0.770     1.132
     0.771     1.133
     0.772     1.134
     0.773     1.135
     0.774     1.135
     0.775     1.136
     0.776     1.137
     0.777     1.138
     0.778     1.139
     0.779     1.140
     0.780     1.141
     0.781     1.142
     0.782     1.143
     0.783     1.144
     0.784     1.145
     0.785     1.146
     0.786     1.147
     0.787     1.148
     0.788     1.149
     0.789     1.150
     0.789     1.152
     0.790     1.153
     0.791     1.154
     0.792     1.155
     0.793     1.156
     0.794     1.157
     0.795     1.158
     0.796     1.160
     0.797     1.161
     0.798     1.162
     0.799     1.163
     0.800     1.164
     0.801     1.166
     0.802     1.167
     0.803     1.168
     0.804     1.169
     0.805     1.171
     0.806     1.172
     0.807     1.173
     0.808     1.174
     0.808     1.176
     0.809     1.177
     0.810     1.178
     0.811     1.180
     0.812     1.181
     0.813     1.183
     0.814     1.184
     0.815     1.185
     0.816     1.187
     0.817     1.188
     0.818     1.190
     0.819     1.191
     0.820     1.193
     0.821     1.194
     0.822     1.196
     0.823     1.197
     0.824     1.199
     0.825     1.200
     0.826     1.202
     0.826     1.204
     0.827     1.205
     0.828     1.207
     0.829     1.208
     0.830     1.210
     0.831     1.212
     0.832     1.213
     0.833     1.215
     0.834     1.217
     0.835     1.219
     0.836     1.220
     0.837     1.222
     0.838     1.224
     0.839     1.226
     0.840     1.227
     0.841     1.229
     0.842     1.231
     0.843     1.233
     0.844     1.235
     0.845     1.237
     0.845     1.239
     0.846     1.241
     0.847     1.242
     0.848     1.244
     0.849     1.246
     0.850     1.248
     0.851     1.250
     0.852     1.252
     0.853     1.254
     0.854     1.257
     0.855     1.259
     0.856     1.261
     0.857     1.263
     0.858     1.265
     0.859     1.267
     0.860     1.269
     0.861     1.271
     0.862     1.274
     0.863     1.276
     0.864     1.278
     0.864     1.280
     0.865     1.283
     0.866     1.285
     0.867     1.287
     0.868     1.290
     0.869     1.292
     0.870     1.294
     0.871     1.297
     0.872     1.299
     0.873     1.302
     0.874     1.304
     0.875     1.307
     0.876     1.309
     0.877     1.312
     0.878     1.314
     0.879     1.317
     0.880     1.319
     0.881     1.322
     0.882     1.324
     0.883     1.327
     0.884     1.330
     0.884     1.332
     0.885     1.335
     0.886     1.338
     0.887     1.341
     0.888     1.343
     0.889     1.346
     0.890     1.349
     0.891     1.352
     0.892     1.355
     0.893     1.358
     0.894     1.361
     0.895     1.364
     0.896     1.367
     0.897     1.370
     0.898     1.373
     0.899     1.376
     0.900     1.379
     0.901     1.382
     0.902     1.385
     0.903     1.388
     0.903     1.391
     0.904     1.394
     0.905     1.398
     0.906     1.401
     0.907     1.404
     0.908     1.407
     0.909     1.411
     0.910     1.414
     0.911     1.417
     0.912     1.421
     0.913     1.424
     0.914     1.428
     0.915     1.431
     0.916     1.435
     0.917     1.438
     0.918     1.442
     0.919     1.445
     0.920     1.449
     0.921     1.452
     0.922     1.456
     0.922     1.460
     0.923     1.463
     0.924     1.467
     0.925     1.471
     0.926     1.475
     0.927     1.479
     0.928     1.482
     0.929     1.486
     0.930     1.490
     0.931     1.494
     0.932     1.498
     0.933     1.502
     0.934     1.506
     0.935     1.510
     0.936     1.514
     0.937     1.518
     0.938     1.523
     0.939     1.527
     0.940     1.531
     0.941     1.535
     0.941     1.540
     0.942     1.544
     0.943     1.548
     0.944     1.553
     0.945     1.557
     0.946     1.561
     0.947     1.566
     0.948     1.570
     0.949     1.575
