   1.0000000000000000E-002
   8.8421052631578942E-002
  0.16684210526315790     
  0.24526315789473685     
  0.32368421052631580     
  0.40210526315789474     
  0.48052631578947369     
  0.55894736842105264     
  0.63736842105263158     
  0.71578947368421053     
  0.79421052631578948     
  0.87263157894736842     
  0.95105263157894737     
   1.0294736842105263     
   1.1078947368421053     
   1.1863157894736842     
   1.2647368421052632     
   1.3431578947368421     
   1.4215789473684211     
   1.5000000000000000     
