  0.26059324244064985     
  0.26058120923147582     
  0.26055000050093691     
  0.26049961729934240     
  0.26043006132163815     
  0.26034133490610928     
  0.26023344103298524     
  0.26010638332238606     
  0.25996016603190225     
  0.25979479405382194     
  0.25961027291191358     
  0.25940660875759985     
  0.25918380836615884     
  0.25894187913203631     
  0.25868082906405770     
  0.25840066678018236     
  0.25810140150176736     
  0.25778304304761601     
  0.25744560182749260     
  0.25708908883536868     
