  0.27311161321519972     
  0.27310219905935035     
  0.27307778288554185     
  0.27303836527825931     
  0.27298394718081676     
  0.27291452989492476     
  0.27283011508012306     
  0.27273070475304811     
  0.27261630128649350     
  0.27248690740839859     
  0.27234252620062216     
  0.27218316109755780     
  0.27200881588461395     
  0.27181949469656796     
  0.27161520201570116     
  0.27139594266983968     
  0.27116172183022830     
  0.27091254500926759     
  0.27064841805808709     
  0.27036934716399807     
